TREE_STRUCTURE
512
512
241
241
803
803
115
115
368
368
642
642
901
901
58
58
189
189
294
294
421
421
587
587
714
714
856
856
943
943
22
22
83
83
156
156
211
211
270
270
335
335
389
389
472
472
534
534
618
618
685
685
759
759
824
824
888
888
915
915
980
980
9
9
45
45
71
71
102
102
138
138
175
175
204
204
229
229
253
253
288
288
312
312
351
351
377
377
405
405
448
448
496
496
521
521
563
563
601
601
633
633
667
667
702
702
738
738
781
781
811
811
840
840
872
872
908
908
927
927
965
965
991
991
2
2
31
31
66
66
89
89
121
121
144
144
